0.000011
0.000013
0.000013
0.000014
0.000013
0.000015
0.000031
0.000035
0.000039
0.000034
0.000040
0.000039
0.000041
0.000040
0.000042
0.000039
0.000047
0.000046
0.000047
0.000044
0.000045
0.000063
0.000064
0.000068
0.000278
0.000107
0.000075
0.000236
0.000119
0.000083
0.000199
0.000094
0.000086
0.000134
0.000119
0.000095
0.000325
0.000148
0.000345
0.000180
0.000149
0.000247
0.000099
0.000097
0.000106
0.000107
0.000117
0.000298
0.000304
0.000316
0.000351
0.000111
0.000111
0.000111
0.000125
0.000114
0.000174
0.000142
0.000155
0.000171
0.000163
0.000384
0.000127
0.000126
0.000177
0.000135
0.000131
0.000254
0.000623
0.000777
0.001056
0.001042
0.000890
0.000718
0.000721
0.000682
0.000822
0.000719
0.000799
0.000673
0.000671
0.000698
0.000514
0.000259
0.000254
0.000240
0.000248
0.000529
0.000291
0.000329
0.000287
0.000356
0.000301
0.000343
0.000356
0.000279
0.000274
0.000269
0.000309
0.000334
0.000286
0.000435
0.000443
0.000425
0.000422
0.000436
0.000452
0.000448
0.000455
0.000462
0.000445
0.000457
0.000442
0.000457
0.000466
0.000464
0.000466
0.000465
0.000472
0.000489
0.000498
0.000498
0.000490
0.000494
0.000489
0.000492
0.000504
0.000511
0.000515
0.000509
0.000510
0.000505
0.000514
0.000510
0.000527
0.000513
0.000514
0.000717
0.000717
0.000739
0.000718
0.000734
0.000739
0.000755
0.000748
0.000744
0.000763
0.000741
0.000742
0.000767
0.000773
0.000768
0.000755
0.000771
0.000766
0.000785
0.000763
0.000778
0.000790
0.000806
0.000777
0.000814
0.000824
0.000809
0.000812
0.001069
0.001089
0.001083
0.001078
0.001113
0.001057
0.001113
0.001113
0.001139
0.001139
0.001160
0.001136
0.001154
0.001157
0.001137
0.001163
0.001148
0.001194
0.001175
0.001190
0.001174
0.001190
0.001197
0.001231
0.001195
0.001230
0.001196
0.001248
0.001239
0.001281
0.001225
0.001301
0.001581
0.001683
0.001675
0.001637
0.001716
0.001701
0.001660
0.001685
0.001707
0.001696
0.001736
0.001735
0.001729
0.001730
0.001775
0.001731
0.001729
0.001797
0.001732
0.001734
0.001831
0.001771
0.001815
0.001845
0.001807
0.001854
0.001855
0.001890
0.001874
0.001832
0.001866
0.001904
0.001805
0.001886
0.002360
0.002366
0.002438
0.002414
0.002385
0.002397
0.002426
0.002362
0.004412
0.004440
0.002502
0.003061
0.002826
0.002436
0.002453
0.002497
0.002510
0.002454
0.002515
0.002452
0.002537
0.002524
0.002523
0.002515
0.002458
0.002444
0.002494
0.002532
0.002517
0.002530
0.003028
0.002902
0.002921
0.003334
0.002994
0.003386
0.002980
0.003110
0.003043
0.003071
0.003072
0.003006
0.003091
0.003022
0.003057
0.003112
0.003155
0.003119
0.003168
0.003107
0.003194
0.003294
0.003263
0.003305
0.003189
0.003260
0.006785
0.006130
0.003209
0.003242
0.003261
0.003244
0.003722
0.003762
0.003759
0.003760
0.003796
0.005989
0.005764
0.003909
0.004681
0.003890
0.003941
0.003984
0.003842
0.003971
0.003995
0.003960
0.003880
0.003920
0.004083
0.003938
0.003918
0.003980
0.004004
0.004023
0.004002
0.004027
0.004235
0.004251
0.004102
0.004091
0.004266
0.004099
0.004256
0.004284
0.004881
0.005557
0.004973
0.005663
0.005052
0.005646
0.005005
0.005171
0.005008
0.005743
0.005127
0.005823
0.005140
0.005240
0.005095
0.005214
0.005151
0.005320
0.005204
0.005944
0.005167
0.005887
0.005139
0.005912
0.005177
0.005888
0.005177
0.005409
0.005231
0.005335
0.006173
0.006095
0.006085
0.006101
0.006108
0.006179
0.006162
0.006327
0.006098
0.006175
0.006145
0.006186
0.006193
0.006245
0.006207
0.006216
0.006219
0.006274
0.006234
0.006362
0.006311
0.006328
0.006310
0.006349
0.006412
0.006361
0.006477
0.006548
0.006542
0.006578
0.006646
0.006667
0.006716
0.006630
0.007366
0.007431
0.007459
0.007412
0.007377
0.007547
0.007484
0.007521
0.007477
0.007507
0.007556
0.007576
0.007428
0.007554
0.007482
0.007560
0.007608
0.007617
0.007616
0.007581
0.007580
0.007635
0.007656
0.007664
0.007710
0.007736
0.007939
0.007789
0.007811
0.007834
0.008390
0.008047
0.008767
0.008979
0.009078
0.009085
0.009137
0.009498
0.009081
0.008991
0.009106
0.009017
0.009023
0.009023
0.009056
0.009033
0.009063
0.009082
0.009166
0.009184
0.009326
0.009385
0.009346
0.009329
0.009286
0.009582
0.009494
0.009538
0.009574
0.009479
0.009360
0.009438
0.010628
0.010661
0.010687
0.010722
0.010677
0.010825
0.010902
0.010868
0.010786
0.010832
0.010825
0.010872
0.010845
0.010927
0.011043
0.011207
0.010952
0.010948
0.011030
0.010940
0.011100
0.011179
0.011058
0.011129
0.011216
0.011205
0.011142
0.011116
0.011072
0.011101
0.011258
0.011188
0.011220
0.012557
0.012787
0.012563
0.012770
0.012653
0.012653
0.012628
0.012781
0.012755
0.012748
0.012750
0.012893
0.012819
0.012847
0.012837
0.012862
0.013036
0.012978
0.012987
0.013036
0.013036
0.013062
0.013145
0.013239
0.013170
0.013246
0.013179
0.013266
0.013198
0.013238
0.013332
0.013483
0.014888
0.014895
0.014884
0.015080
0.014939
0.014979
0.014987
0.015050
0.015006
0.014930
0.015015
0.014949
0.014892
0.015172
0.014876
0.015481
0.015088
0.015583
0.015260
0.015195
0.015007
0.015035
0.015426
0.015442
0.016536
0.015418
0.015470
0.015635
0.015363
0.015666
0.015620
0.015764
0.017034
0.017228
0.024849
0.017342
0.017051
0.017186
0.017165
0.016985
0.017096
0.017176
0.017087
0.017125
0.017322
0.017432
0.017162
0.017579
0.017675
0.017257
0.017355
0.017660
0.017472
0.017546
0.017533
0.017560
0.017641
0.018009
0.018067
0.017922
0.017709
0.017721
0.017761
0.020165
0.020395
0.020134
0.020100
0.020399
0.020285
0.020287
0.020124
0.020417
0.020360
0.020275
0.020532
0.020565
0.021247
0.020529
0.020931
0.020765
0.020619
0.020677
0.020681
0.020583
0.020478
0.020840
0.020621
0.021318
0.020768
0.020971
0.021307
0.020897
0.020789
0.021043
0.020940
0.021481
0.022985
0.023219
0.023334
0.023010
0.023200
0.023131
0.023117
0.023274
0.024245
0.023352
0.023432
0.023465
0.023516
0.023564
0.023325
0.023557
0.023507
0.023559
0.023529
0.023778
0.023752
0.023745
0.023695
0.024106
0.023991
0.024137
0.023872
0.024007
0.024228
0.024344
0.024306
0.026403
0.027970
0.026542
0.027799
0.027197
0.026658
0.026663
0.026679
0.026648
0.026644
0.027997
0.027905
0.026723
0.027975
0.026814
0.027228
0.027172
0.026949
0.029740
0.028203
0.027057
0.027238
0.027772
0.028416
0.027357
0.027238
0.027415
0.027673
0.027580
0.027770
0.027554
0.027409
0.073431
0.029737
0.029795
0.030552
0.030431
0.029935
0.030608
0.030236
0.030434
0.030194
0.030270
0.030398
0.030422
0.030487
0.030916
0.030993
0.030367
0.030894
0.030315
0.030936
0.030364
0.030969
0.030600
0.034976
0.030664
0.031232
0.030973
0.031482
0.030895
0.031387
0.030980
0.032409
0.030946
0.031053
0.034462
0.034443
0.034428
0.034544
0.037561
0.035098
0.034582
0.034583
0.036782
0.035236
0.034891
0.034667
0.037097
0.035623
0.034869
0.034958
0.037724
0.034819
0.035093
0.035517
0.037858
0.035249
0.043846
0.035330
0.035842
0.036046
0.035834
0.035438
0.035270
0.035271
0.038184
0.038660
0.038943
0.038764
0.038912
0.038705
0.038953
0.039024
0.039110
0.039232
0.039253
0.039249
0.039230
0.039448
0.039424
0.039517
0.039411
0.039449
0.039645
0.039479
0.039469
0.039771
0.040346
0.039827
0.039729
0.039726
0.039872
0.039782
0.040007
0.040063
0.040082
0.040649
0.040044
0.040166
0.040353
0.043714
0.043817
0.043841
0.043747
0.043983
0.043976
0.044139
0.044294
0.044141
0.044058
0.043969
0.044272
0.044521
0.044437
0.044350
0.044486
0.044461
0.044482
0.044500
0.044653
0.044738
0.044942
0.044975
0.044922
0.044927
0.044901
0.044876
0.044919
0.044938
0.045379
0.048505
0.048580
0.048684
0.048546
0.048455
0.048605
0.048594
0.048754
0.048797
0.048779
0.048805
0.049021
0.048876
0.048939
0.049355
0.049167
0.049191
0.049393
0.049407
0.049403
0.049724
0.049636
0.049630
0.049528
0.049824
0.049778
0.051526
0.049944
0.050099
0.049690
0.050096
0.050033
0.053671
0.053744
0.054235
0.054071
0.053918
0.054204
0.054332
0.054309
0.054277
0.054468
0.054465
0.054570
0.054523
0.054496
0.068811
0.054784
0.064794
0.055593
0.055552
0.054982
0.055023
0.055301
0.055368
0.055161
0.055087
0.055399
0.055267
0.055702
0.055487
0.056066
0.056402
0.056019
0.058205
0.055850
0.056097
0.061715
0.060178
0.060337
0.060318
0.060268
0.060398
0.060690
0.060694
0.060879
0.061110
0.061564
0.063976
0.061823
0.061492
0.061495
0.061759
0.061594
0.063593
0.061843
0.061974
0.061994
0.062263
0.061974
0.062019
0.061973
0.062010
0.062305
0.062479
0.062807
0.066882
0.066940
0.067470
0.067108
0.067413
0.067073
0.067784
0.067337
0.067952
0.070390
0.067129
0.081415
0.067392
0.067553
0.067361
0.067561
0.067695
0.068059
0.067786
0.068190
0.067893
0.068037
0.068403
0.068322
0.067934
0.068373
0.068329
0.068353
0.068341
0.068412
0.068368
0.072680
0.072775
0.073022
0.072977
0.073046
0.073077
0.073478
0.073227
0.073212
0.073221
0.073329
0.073597
0.073701
0.073430
0.073404
0.073697
0.073916
0.074460
0.073804
0.074176
0.074150
0.074066
0.074730
0.076602
0.074583
0.074571
0.074687
0.074688
0.074436
0.074567
0.074780
0.074703
0.075040
0.080076
0.080085
0.086010
0.080537
0.080155
0.093665
0.086599
0.080886
0.080630
0.080608
0.081024
0.080875
0.080721
0.080701
0.081096
0.081729
0.081188
0.081270
0.081473
0.081625
0.081798
0.081619
0.081647
0.081812
0.088251
0.081962
0.082133
0.082259
0.082510
0.081982
0.089108
0.091939
0.089831
0.095054
0.088497
0.088549
0.088328
0.088674
0.090634
0.088911
0.095895
0.088840
0.088911
0.090556
0.095935
0.090717
0.096155
0.096435
0.091219
0.089409
0.089396
0.096812
0.089955
0.091746
0.089842
0.090348
0.097674
0.090471
0.090248
0.092252
0.090451
0.097312
0.097634
0.093831
0.090696
0.097832
0.093686
0.093663
0.100855
0.093863
0.094353
0.094208
0.094158
0.100125
0.129025
0.140356
0.148672
0.151451
0.145009
0.140480
0.141059
0.140562
0.144056
0.136271
0.135908
0.138335
0.128716
0.126297
0.127249
0.125155
0.125444
0.132332
0.135957
0.123711
0.125586
0.120448
0.129247
0.120295
0.127397
0.126786
0.125097
0.122868
0.121708
0.121419
0.121492
0.120954
0.119973
0.119638
0.133190
0.123149
0.124934
0.118126
0.116970
0.115704
0.114727
0.114314
0.115313
0.114190
0.113506
0.112647
0.111851
0.125693
0.112045
0.110440
0.112373
0.109828
0.112156
0.112677
0.114505
0.112351
0.113724
0.111843
0.114876
0.114146
0.114336
0.112362
0.117547
0.117458
0.111865
0.112055
0.113889
0.112548
0.112958
0.112364
0.112594
0.113706
0.111982
0.112744
0.113776
0.112928
0.113716
0.112655
0.112845
0.112769
0.113123
0.113104
0.113074
0.113705
0.113765
0.120705
0.120844
0.121033
0.121048
0.121288
0.121119
0.121379
0.120987
0.121815
0.121778
0.121936
0.122165
0.122319
0.121788
0.121992
0.122151
0.122366
0.122667
0.122754
0.122717
0.122511
0.123220
0.123060
0.123553
0.123263
0.123289
0.123518
0.123507
0.126707
0.123858
0.124065
0.123837
0.123848
0.125150
0.130450
0.130687
0.130620
0.130613
0.130679
0.130503
0.130846
0.130896
0.131724
0.131711
0.131806
0.131708
0.131738
0.131572
0.131708
0.131965
0.132398
0.132126
0.132601
0.132509
0.132447
0.132372
0.133029
0.133367
0.132979
0.133188
0.133456
0.133603
0.133375
0.133486
0.133847
0.147642
0.148224
0.133982
0.141765
0.143289
0.143599
0.143570
0.143560
0.141595
0.141540
0.142589
0.142442
0.142254
0.142979
0.142769
0.142989
0.143170
0.143669
0.145126
0.142905
0.143965
0.144189
0.143764
0.143527
0.143803
0.143988
0.151509
0.151919
0.144126
0.144064
0.144613
0.150498
0.150691
0.151182
0.152723
0.151238
0.151045
0.151406
0.153428
0.151319
0.153308
0.151461
0.153866
0.151761
0.151774
0.152152
0.154511
0.152562
0.154912
0.152620
0.152567
0.152943
0.155385
0.153261
0.152994
0.152837
0.153246
0.153810
0.153666
0.153803
0.154147
0.154349
0.154368
0.154940
0.154788
0.163659
0.163626
0.164372
0.164005
0.164508
0.164645
0.164519
0.164878
0.164518
0.164978
0.164735
0.165044
0.165296
0.165501
0.165499
0.165333
0.166192
0.166696
0.166643
0.166499
0.167327
0.166354
0.166447
0.167151
0.166986
0.166869
0.166981
0.167011
0.167689
0.168214
0.167560
0.174788
0.174924
0.175424
0.174696
0.176596
0.175181
0.175845
0.175386
0.176273
0.175319
0.176290
0.177156
0.175663
0.175563
0.176173
0.176431
0.176684
0.178178
0.176883
0.177155
0.177339
0.177233
0.177485
0.177711
0.178265
0.177714
0.179127
0.177789
0.178448
0.179062
0.179110
0.187202
0.187696
0.187936
0.188101
0.187421
0.187817
0.188398
0.194620
0.188792
0.188496
0.188888
0.194806
0.189258
0.195524
0.189149
0.189752
0.189698
0.190071
0.190243
0.189299
0.196498
0.190022
0.190718
0.190574
0.196465
0.191327
0.197294
0.191389
0.191958
0.192188
0.191964
0.197971
0.198916
0.199453
0.199742
0.199945
0.199437
0.199973
0.201969
0.199805
0.206078
0.200605
0.200779
0.200966
0.207298
0.200727
0.203036
0.201110
0.203360
0.203436
0.208065
0.201487
0.203166
0.201844
0.202614
0.202849
0.202167
0.202813
0.204686
0.203429
0.209906
0.203252
0.203908
0.204252
0.214317
0.205824
0.216961
0.219823
0.214694
0.214945
0.216688
0.221297
0.215679
0.215728
0.216346
0.216491
0.216663
0.226658
0.216604
0.221956
0.222430
0.217449
0.227064
0.227083
0.216652
0.222430
0.227682
0.227457
0.217750
0.223502
0.223282
0.224207
0.219163
0.223746
0.218138
0.218370
0.219201
0.219533
0.229224
0.228696
0.230684
0.228656
0.237962
0.228781
0.239593
0.229251
0.241101
0.229446
0.239956
0.230210
0.232019
0.230077
0.232149
0.230544
0.241699
0.230174
0.233361
0.231606
0.233389
0.232126
0.242378
0.231945
0.233358
0.232262
0.242485
0.232354
0.243167
0.232627
0.236149
0.244120
0.244173
0.243945
0.244090
0.244755
0.244407
0.244880
0.245789
0.245420
0.245590
0.245575
0.245526
0.246496
0.245939
0.245822
0.246488
0.246365
0.247253
0.246973
0.247421
0.247033
0.248244
0.249255
0.248687
0.260883
0.254769
0.250115
0.249218
0.248654
0.248424
0.248780
0.258148
0.257980
0.258107
0.258186
0.258377
0.259209
0.259256
0.259068
0.259028
0.259391
0.258921
0.258856
0.259849
0.261057
0.260433
0.260716
0.261621
0.260514
0.260686
0.261635
0.262013
0.261871
0.261809
0.262283
0.262178
0.261670
0.262103
0.262420
0.262281
0.262353
0.262950
0.264495
0.263731
0.264770
0.277668
0.277670
0.277474
0.277091
0.277794
0.278053
0.278724
0.278473
0.278259
0.279212
0.278814
0.278591
0.279201
0.278939
0.279459
0.279446
0.280288
0.280260
0.280444
0.280171
0.280015
0.280831
0.280124
0.281408
0.281376
0.282178
0.281985
0.282802
0.282642
0.281376
0.292434
0.292384
0.292215
0.292396
0.296232
0.292790
0.295374
0.292709
0.294474
0.293827
0.296906
0.294361
0.296862
0.294120
0.296542
0.294690
0.296388
0.295814
0.294799
0.295343
0.296093
0.296819
0.298277
0.296320
0.298614
0.296602
0.298655
0.297291
0.297201
0.297648
0.298662
0.298381
0.323685
0.300139
0.313140
0.310883
0.310733
0.311031
0.312237
0.313015
0.312264
0.311527
0.312318
0.311652
0.313037
0.312736
0.312297
0.312842
0.313029
0.312930
0.312646
0.313617
0.314108
0.314066
0.314732
0.315333
0.317379
0.317203
0.315505
0.317388
0.315692
0.315580
0.318052
0.316633
0.330270
0.326546
0.326089
0.341351
0.327275
0.340969
0.336447
0.328406
0.328271
0.329222
0.336237
0.330223
0.328366
0.343792
0.337439
0.343102
0.329203
0.329834
0.330194
0.344127
0.331739
0.331366
0.331065
0.331757
0.332123
0.331649
0.339427
0.345927
0.332476
0.346818
0.341013
0.346770
0.332091
0.348806
0.348410
0.349442
0.349198
0.349746
0.349536
0.363170
0.350355
0.351062
0.363562
0.357204
0.387122
0.379560
0.366811
0.373903
0.365552
0.366855
0.366593
0.355427
0.352103
0.365836
0.382978
0.388348
0.368574
0.371384
0.388140
0.354057
0.353669
0.368634
0.368411
0.354983
0.383574
0.365828
0.381041
0.366767
0.384820
0.367146
0.381398
0.367291
0.382614
0.368010
0.385394
0.367445
0.383969
0.367960
0.383616
0.367056
0.386812
0.368985
0.384276
0.369910
0.388246
0.370816
0.386360
0.370912
0.389226
0.371025
0.385457
0.371032
0.387581
0.371245
0.391342
0.371944
0.390279
0.372608
0.387323
0.385417
0.388717
0.386374
0.401865
0.389207
0.386684
0.402781
0.390432
0.389744
0.388265
0.387439
0.388248
0.391068
0.388646
0.387945
0.388465
0.404208
0.390524
0.405114
0.389819
0.392289
0.392617
0.393710
0.405938
0.392906
0.406895
0.391026
0.391560
0.392838
0.417407
0.405795
0.403051
0.405302
0.402583
0.406223
0.404125
0.419673
0.404258
0.405771
0.404088
0.407969
0.404328
0.408148
0.404612
0.422621
0.406545
0.422526
0.406660
0.422529
0.406341
0.408958
0.406793
0.423607
0.407148
0.410652
0.408463
0.424493
0.408932
0.425795
0.411570
0.414500
0.430146
0.430791
0.430826
0.431442
0.431186
0.431280
0.436840
0.432984
0.437677
0.433063
0.432859
0.432369
0.433064
0.433556
0.433754
0.433801
0.433728
0.434805
0.434681
0.451409
0.435605
0.434867
0.435083
0.435855
0.436490
0.435947
0.435713
0.454032
0.454956
0.438051
0.438267
0.436864
0.456107
0.465413
0.448869
0.477202
0.450881
0.478553
0.450574
0.467503
0.451034
0.451129
0.451948
0.478534
0.451950
0.480908
0.452162
0.479968
0.456790
0.480409
0.452347
0.482549
0.453971
0.480971
0.460045
0.453887
0.454426
0.454572
0.456149
0.472493
0.455806
0.484567
0.455691
0.456438
0.457646
0.479419
0.473282
0.472945
0.491343
0.474066
0.473751
0.473695
0.474119
0.475275
0.474968
0.474235
0.491905
0.494050
0.476134
0.476746
0.476783
0.479252
0.477577
0.479244
0.477848
0.495865
0.478108
0.479295
0.495416
0.480675
0.481686
0.498195
0.479364
0.479313
0.479195
0.483975
0.481186
0.493594
0.494701
0.483111
0.493894
0.495282
0.496457
0.495699
0.495786
0.495668
0.496577
0.496768
0.496232
0.496333
0.498419
0.498803
0.497448
0.496909
0.498499
0.498922
0.497831
0.498059
0.499093
0.499534
0.499968
0.499515
0.500455
0.499807
0.500986
0.500376
0.500900
0.501788
0.522756
0.522893
0.522848
0.522191
0.524561
0.523945
0.525290
0.526233
0.525706
0.524200
0.524906
0.524344
0.525939
0.525119
0.526261
0.525053
0.525083
0.527360
0.526853
0.528715
0.527669
0.528319
0.528188
0.528707
0.531605
0.528551
0.530370
0.530918
0.530411
0.530858
0.530708
0.531657
0.546738
0.547462
0.547335
0.547550
0.546883
0.571789
0.548529
0.572030
0.548257
0.548616
0.549549
0.549253
0.549043
0.573846
0.549808
0.550397
0.551072
0.575580
0.551967
0.576279
0.549975
0.576563
0.551906
0.576318
0.551748
0.577976
0.553170
0.578151
0.554776
0.552994
0.553346
0.579661
0.558654
0.573491
0.574091
0.575233
0.574816
0.576260
0.576132
0.574815
0.575659
0.576000
0.575720
0.574964
0.576846
0.577304
0.577663
0.576523
0.577430
0.577134
0.577941
0.578107
0.578423
0.580325
0.580827
0.579048
0.580614
0.580287
0.586625
0.581769
0.579614
0.582746
0.587431
0.582737
0.583124
0.582075
0.598081
0.601804
0.598486
0.600706
0.598788
0.599159
0.622001
0.599571
0.600801
0.600217
0.600909
0.622877
0.601399
0.603325
0.602306
0.601732
0.601501
0.602698
0.605413
0.603091
0.604222
0.603228
0.603062
0.605102
0.604885
0.604944
0.606765
0.606022
0.614087
0.607512
