0.000014
0.000016
0.000015
0.000017
0.000017
0.000015
0.000035
0.000036
0.000034
0.000038
0.000038
0.000047
0.000043
0.000044
0.000043
0.000047
0.000042
0.000043
0.000048
0.000051
0.000042
0.000072
0.000066
0.000070
0.000418
0.000112
0.000077
0.000249
0.000126
0.000085
0.000187
0.000090
0.000091
0.000135
0.000119
0.000101
0.000099
0.000157
0.000353
0.000190
0.000161
0.000258
0.000102
0.000103
0.000106
0.000108
0.000105
0.000318
0.000327
0.000316
0.000339
0.000120
0.000115
0.000117
0.000135
0.000124
0.000178
0.000193
0.000192
0.000194
0.000179
0.000317
0.000249
0.000143
0.000309
0.000195
0.000144
0.000263
0.000693
0.000670
0.001037
0.001040
0.001103
0.000798
0.000762
0.000726
0.000915
0.000745
0.000861
0.001003
0.000703
0.000747
0.000717
0.000253
0.000259
0.000280
0.000266
0.000533
0.000297
0.000520
0.000330
0.000304
0.000348
0.000334
0.000362
0.000342
0.000282
0.000281
0.000275
0.000347
0.000280
0.000438
0.000438
0.000439
0.000437
0.000423
0.000426
0.000469
0.000445
0.000444
0.000451
0.000459
0.000457
0.000481
0.000468
0.000480
0.000473
0.000498
0.000488
0.000491
0.000497
0.000496
0.000498
0.000493
0.000495
0.000507
0.000514
0.000512
0.000510
0.000532
0.000518
0.000519
0.000519
0.000519
0.000516
0.000514
0.000516
0.000731
0.000739
0.000732
0.000740
0.000754
0.000744
0.000743
0.000747
0.000748
0.000751
0.000754
0.000751
0.000773
0.000805
0.000789
0.000792
0.000794
0.000777
0.000793
0.000794
0.000800
0.000791
0.000847
0.000806
0.000805
0.000835
0.000814
0.001033
0.001101
0.001073
0.001084
0.001092
0.001089
0.001059
0.001130
0.001134
0.001131
0.001140
0.001120
0.001155
0.001160
0.001155
0.001156
0.001199
0.001190
0.001198
0.001171
0.001184
0.001186
0.001182
0.001237
0.001246
0.001266
0.001247
0.001241
0.001264
0.001250
0.001259
0.001255
0.001321
0.001666
0.001674
0.001797
0.001685
0.001727
0.001683
0.001831
0.001719
0.001734
0.001748
0.001772
0.001770
0.001883
0.001770
0.001876
0.001746
0.001904
0.001790
0.001798
0.001781
0.001919
0.001824
0.001958
0.001830
0.001853
0.001876
0.001908
0.001842
0.001898
0.001884
0.001914
0.001873
0.002002
0.001902
0.002418
0.002405
0.002413
0.002391
0.002418
0.002371
0.002408
0.002406
0.002527
0.005107
0.004666
0.002474
0.002725
0.002379
0.002381
0.002406
0.002529
0.002491
0.002518
0.002556
0.002554
0.002601
0.002555
0.002539
0.002547
0.002590
0.002607
0.002623
0.002653
0.002583
0.003026
0.003019
0.002980
0.002996
0.002949
0.002961
0.002997
0.003108
0.002999
0.003039
0.003082
0.003121
0.003133
0.003081
0.003124
0.003090
0.003127
0.003140
0.003159
0.003148
0.003269
0.003191
0.003293
0.003306
0.003257
0.003292
0.006143
0.003880
0.004033
0.003347
0.003229
0.003224
0.003722
0.003726
0.003751
0.003890
0.003777
0.005014
0.005757
0.004557
0.005132
0.003840
0.004011
0.003953
0.004024
0.003998
0.004044
0.003920
0.004010
0.004012
0.004065
0.003941
0.004039
0.004119
0.004029
0.004027
0.004034
0.004046
0.004088
0.004091
0.004109
0.004138
0.004137
0.004157
0.004368
0.004246
0.004937
0.004964
0.005036
0.004921
0.004969
0.004993
0.005055
0.005000
0.005057
0.005035
0.005137
0.005144
0.005168
0.005166
0.005137
0.005208
0.005125
0.005153
0.005125
0.005276
0.005283
0.005302
0.005302
0.005233
0.005239
0.005226
0.005200
0.005295
0.005276
0.005299
0.006077
0.006207
0.006019
0.006123
0.006134
0.006159
0.006187
0.006225
0.006131
0.006151
0.006116
0.006161
0.006260
0.006200
0.006279
0.006246
0.006229
0.006342
0.006338
0.006397
0.006371
0.006412
0.006345
0.006362
0.006358
0.006368
0.006473
0.006457
0.006518
0.006614
0.006583
0.006661
0.006810
0.006673
0.007412
0.007367
0.007509
0.007510
0.007622
0.007573
0.007586
0.007571
0.007499
0.007609
0.007621
0.007538
0.007492
0.007621
0.007722
0.007669
0.007841
0.007639
0.007760
0.007785
0.007824
0.007806
0.007768
0.007868
0.007751
0.007835
0.007887
0.007895
0.007957
0.007908
0.008430
0.008280
0.009033
0.008968
0.009256
0.009239
0.009293
0.009154
0.009221
0.009200
0.009076
0.009236
0.009057
0.009292
0.009285
0.009113
0.009270
0.009245
0.009221
0.009395
0.009655
0.009412
0.009503
0.009310
0.009525
0.009601
0.009644
0.010065
0.009652
0.009788
0.009599
0.009480
0.010782
0.010822
0.010755
0.010825
0.010906
0.010808
0.010951
0.011348
0.010902
0.010930
0.011006
0.011033
0.011284
0.011041
0.011115
0.011475
0.011256
0.011144
0.011132
0.011189
0.011152
0.011225
0.011185
0.011201
0.011292
0.011380
0.011377
0.011331
0.011504
0.011381
0.011417
0.011717
0.011373
0.012698
0.012617
0.012791
0.012819
0.012930
0.012881
0.012804
0.012937
0.012871
0.012895
0.012927
0.012988
0.012935
0.013079
0.012922
0.013038
0.013162
0.013305
0.013168
0.013069
0.013164
0.013146
0.013166
0.013161
0.013273
0.013360
0.013400
0.013314
0.013309
0.013406
0.013534
0.013705
0.015064
0.015111
0.015520
0.015228
0.015037
0.015073
0.014997
0.015219
0.015322
0.015193
0.015175
0.015345
0.015203
0.015346
0.015122
0.021330
0.016382
0.017151
0.016958
0.015564
0.015303
0.015245
0.015531
0.015532
0.015561
0.015659
0.015751
0.015682
0.015741
0.015638
0.015929
0.015879
0.017290
0.017425
0.017359
0.023039
0.017407
0.017452
0.017443
0.019040
0.017953
0.018150
0.019071
0.019146
0.019444
0.019530
0.018345
0.018442
0.018591
0.017962
0.018537
0.020703
0.019583
0.018577
0.018333
0.019648
0.019360
0.019484
0.019448
0.019947
0.019596
0.018675
0.019813
0.020990
0.022100
0.021658
0.021618
0.022434
0.021032
0.022544
0.022117
0.021781
0.022631
0.021128
0.022251
0.021956
0.026900
0.022852
0.022929
0.023015
0.022548
0.022622
0.022414
0.022524
0.021686
0.023084
0.021826
0.021883
0.022777
0.022445
0.022557
0.022103
0.022660
0.022508
0.022539
0.023431
0.024149
0.026855
0.024525
0.025535
0.024401
0.025471
0.024341
0.026247
0.024147
0.024972
0.024629
0.025560
0.024899
0.025917
0.025010
0.026067
0.024775
0.025870
0.024628
0.025286
0.025304
0.026165
0.025286
0.026590
0.025010
0.026248
0.024947
0.026137
0.025041
0.026428
0.025449
0.029122
0.030264
0.027475
0.027633
0.027789
0.027807
0.028198
0.028393
0.027819
0.034619
0.028118
0.027666
0.027872
0.028340
0.027988
0.028063
0.028631
0.028086
0.028468
0.028277
0.028598
0.028447
0.028600
0.028440
0.028633
0.028589
0.029720
0.028981
0.028767
0.028970
0.029428
0.028655
0.030470
0.039636
0.031168
0.030563
0.030292
0.030326
0.030688
0.030892
0.030269
0.030400
0.030805
0.030832
0.030934
0.030702
0.030861
0.031245
0.030768
0.030853
0.030906
0.030917
0.030975
0.030912
0.031150
0.031020
0.033824
0.031208
0.031215
0.031374
0.031431
0.031964
0.032133
0.031902
0.032307
0.032288
0.035837
0.035660
0.035780
0.035443
0.035542
0.035864
0.035464
0.036056
0.035835
0.035669
0.036127
0.035959
0.036188
0.035754
0.036508
0.036198
0.035780
0.036087
0.036379
0.035767
0.035847
0.036379
0.035864
0.036613
0.036047
0.036667
0.036124
0.036521
0.036941
0.036768
0.037461
0.040294
0.040201
0.040224
0.040214
0.040046
0.040068
0.040569
0.040047
0.039939
0.040219
0.040238
0.040199
0.040220
0.040055
0.042033
0.039920
0.040155
0.040246
0.040117
0.040488
0.040595
0.047252
0.040504
0.040168
0.040285
0.041118
0.040622
0.040717
0.040637
0.040770
0.041217
0.040726
0.041107
0.041327
0.044515
0.044339
0.044408
0.044421
0.045048
0.044911
0.044713
0.044905
0.045048
0.045136
0.044917
0.044978
0.045088
0.044834
0.045061
0.045343
0.045308
0.057503
0.045708
0.045604
0.045726
0.045967
0.046992
0.045351
0.045435
0.045407
0.045508
0.045828
0.045617
0.046025
0.049340
0.051042
0.049111
0.049139
0.053782
0.050970
0.053269
0.053252
0.050911
0.050805
0.050546
0.053816
0.051498
0.054269
0.051125
0.054669
0.059580
0.054180
0.051362
0.051135
0.054702
0.052180
0.051620
0.051097
0.053801
0.054025
0.054137
0.054194
0.055126
0.052129
0.051467
0.052475
0.056371
0.054008
0.055748
0.054254
0.054713
0.054844
0.056031
0.055075
0.056784
0.054903
0.055213
0.054959
0.057079
0.055249
0.055148
0.055427
0.056603
0.055376
0.056939
0.055536
0.055709
0.055498
0.057305
0.055898
0.058218
0.057357
0.055756
0.056979
0.057746
0.056061
0.057581
0.055926
0.057577
0.056061
0.056461
0.060183
0.065131
0.060715
0.060588
0.061025
0.061005
0.061012
0.061085
0.060985
0.061274
0.061170
0.061176
0.062824
0.061780
0.061686
0.061541
0.061627
0.061701
0.062049
0.062067
0.062035
0.063115
0.062157
0.063199
0.063167
0.062041
0.061996
0.062458
0.062725
0.066406
0.067152
0.067261
0.067564
0.067891
0.067150
0.067166
0.067001
0.066688
0.067767
0.067370
0.067563
0.067730
0.067564
0.067615
0.067683
0.067865
0.068073
0.068025
0.068012
0.068084
0.068215
0.068583
0.068433
0.068375
0.068689
0.068221
0.068627
0.068635
0.068720
0.068901
0.072925
0.073026
0.073059
0.073269
0.073324
0.073487
0.073278
0.073591
0.074087
0.073818
0.084186
0.073518
0.074453
0.073894
0.073912
0.073750
0.073698
0.074112
0.073931
0.074456
0.074035
0.074074
0.074975
0.074655
0.074796
0.074812
0.074947
0.074667
0.075243
0.074815
0.074773
0.074919
0.075083
0.080352
0.080492
0.080364
0.080632
0.080724
0.080764
0.080912
0.081223
0.080868
0.080815
0.080820
0.081772
0.081445
0.081621
0.081315
0.081422
0.081517
0.081572
0.082202
0.081758
0.082234
0.081770
0.082187
0.081858
0.082119
0.081917
0.082526
0.082539
0.082556
0.082951
0.082779
0.088623
0.088089
0.088367
0.090859
0.098382
0.088919
0.088971
0.089011
0.095643
0.089202
0.095906
0.089030
0.089744
0.089605
0.089618
0.089808
0.089666
0.089876
0.096430
0.090192
0.090169
0.090022
0.090255
0.097183
0.090971
0.090815
0.090388
0.097548
0.090422
0.090661
0.091044
0.090703
0.101159
0.091472
0.094257
0.101566
0.094665
0.093848
0.094094
0.097603
0.094189
0.094273
0.098368
0.120496
0.138490
0.144078
0.144472
0.144654
0.143721
0.144369
0.140614
0.140864
0.150905
0.135903
0.132698
0.132458
0.128254
0.129807
0.128999
0.125265
0.126454
0.138835
0.127879
0.122692
0.122654
0.132146
0.122863
0.127092
0.129128
0.127528
0.124489
0.124448
0.123952
0.121617
0.123282
0.121926
0.121856
0.146544
0.127173
0.124070
0.120590
0.117916
0.118811
0.116747
0.118019
0.116634
0.115777
0.114066
0.115404
0.116534
0.113351
0.116030
0.112980
0.128013
0.112483
0.113584
0.115742
0.118145
0.114683
0.114790
0.114753
0.114569
0.115683
0.116093
0.114719
0.114660
0.125775
0.114453
0.113689
0.115419
0.115250
0.115256
0.115171
0.113508
0.113667
0.114950
0.114023
0.114952
0.115895
0.114324
0.113554
0.113735
0.113594
0.113709
0.113817
0.114130
0.114622
0.114658
0.121634
0.122273
0.121496
0.122378
0.122214
0.122130
0.122507
0.130529
0.122308
0.123032
0.122665
0.122507
0.122518
0.122394
0.122374
0.123051
0.123099
0.123267
0.123245
0.123397
0.123764
0.123701
0.124037
0.123821
0.124257
0.124160
0.124284
0.124534
0.123950
0.124497
0.124360
0.124867
0.124825
0.125406
0.131598
0.137637
0.131173
0.131900
0.131435
0.131463
0.131839
0.131996
0.132131
0.132293
0.132533
0.132336
0.132275
0.132405
0.132356
0.132722
0.132861
0.132964
0.133075
0.133189
0.133013
0.132997
0.133967
0.133832
0.133914
0.134179
0.134371
0.134126
0.134315
0.134561
0.141576
0.142185
0.141806
0.134223
0.141949
0.142871
0.142379
0.142480
0.142665
0.143016
0.142939
0.142525
0.143004
0.142911
0.143464
0.143794
0.145673
0.149870
0.144011
0.143959
0.149795
0.144708
0.144417
0.149982
0.149929
0.150763
0.144921
0.144660
0.145284
0.157891
0.151598
0.150764
0.151715
0.151373
0.152572
0.153974
0.152512
0.151975
0.157670
0.154298
0.157984
0.154604
0.152952
0.151978
0.158200
0.152569
0.153595
0.153133
0.153530
0.153248
0.159520
0.153503
0.153478
0.153691
0.160140
0.153726
0.154008
0.162273
0.154774
0.154050
0.154957
0.154812
0.155373
0.155334
0.161385
0.155220
0.164137
0.164098
0.166428
0.169158
0.164800
0.164665
0.164771
0.165134
0.167005
0.167090
0.165770
0.169984
0.170254
0.170702
0.170191
0.170355
0.167434
0.167800
0.174676
0.168584
0.168679
0.168844
0.168780
0.168278
0.172459
0.171753
0.168098
0.168194
0.172219
0.169253
0.168255
0.174890
0.177064
0.175516
0.176244
0.175207
0.175241
0.176488
0.177924
0.175985
0.177983
0.184732
0.177797
0.178470
0.176270
0.193426
0.177176
0.178659
0.178346
0.186167
0.177525
0.179351
0.179155
0.180135
0.178554
0.179931
0.178787
0.179221
0.180176
0.180765
0.178993
0.179821
0.188241
0.190722
0.188185
0.188313
0.188382
0.188146
0.189747
0.189842
0.190446
0.189775
0.189409
0.195492
0.197407
0.189757
0.191863
0.189847
0.189763
0.198140
0.190427
0.202503
0.192889
0.191031
0.194249
0.199567
0.193562
0.192197
0.192313
0.200858
0.195232
0.200907
0.193139
0.194103
0.204958
0.200879
0.201263
0.200528
0.203402
0.201637
0.206927
0.201032
0.202011
0.211172
0.204426
0.202881
0.202750
0.203007
0.202363
0.202262
0.202610
0.203066
0.202057
0.203047
0.203919
0.203400
0.208813
0.213473
0.204488
0.213591
0.204594
0.203671
0.203677
0.203963
0.205658
0.203818
0.214906
0.204222
0.224388
0.215560
0.215536
0.215289
0.215842
0.216161
0.215620
0.215738
0.216050
0.216630
0.216640
0.216978
0.217156
0.216874
0.216941
0.217531
0.216562
0.217660
0.217703
0.217921
0.218313
0.218288
0.218189
0.218298
0.218780
0.224487
0.218174
0.218767
0.219480
0.219049
0.219761
0.219510
0.238984
0.229147
0.228879
0.229028
0.228781
0.229054
0.229448
0.229270
0.230004
0.229430
0.230343
0.230043
0.230702
0.230731
0.230616
0.230746
0.230980
0.230455
0.231570
0.231382
0.231659
0.232256
0.231620
0.231750
0.231562
0.232617
0.232912
0.231931
0.233088
0.233277
0.234511
0.244601
0.244756
0.247102
0.244686
0.245104
0.244685
0.245058
0.246141
0.247899
0.256894
0.257208
0.245753
0.248336
0.257708
0.246979
0.257549
0.247608
0.248890
0.249040
0.249536
0.249633
0.260127
0.259218
0.251147
0.265259
0.256063
0.256389
0.248722
0.248576
0.248588
0.249488
0.258221
0.259618
0.259221
0.259195
0.259152
0.260360
0.262210
0.259012
0.260196
0.261452
0.263034
0.260442
0.259650
0.260491
0.262597
0.270466
0.261676
0.260846
0.261881
0.261958
0.262630
0.262104
0.262017
0.262026
0.262333
0.262174
0.262534
0.262713
0.262772
0.262933
0.263700
0.277436
0.264810
0.265454
0.277144
0.277804
0.277908
0.277470
0.289964
0.278092
0.291076
0.279351
0.291192
0.279719
0.279144
0.292717
0.291803
0.280208
0.279848
0.280272
0.280681
0.280962
0.280454
0.280714
0.280159
0.280733
0.280788
0.281587
0.281259
0.293673
0.281527
0.281802
0.281488
0.282433
0.292440
0.292714
0.293105
0.293635
0.293124
0.293242
0.293438
0.293258
0.293629
0.294522
0.293926
0.294638
0.295242
0.294756
0.294659
0.294645
0.295223
0.295379
0.294952
0.296115
0.296836
0.295627
0.296263
0.296106
0.296785
0.296588
0.296115
0.297668
0.297938
0.298461
0.298799
0.310335
0.310868
0.298636
0.311741
0.310738
0.313175
0.313582
0.333759
0.326490
0.314821
0.314617
0.315007
0.316192
0.315909
0.322275
0.315864
0.314390
0.316463
0.316219
0.315668
0.316980
0.314885
0.314266
0.317773
0.317428
0.328408
0.328205
0.316161
0.330283
0.316437
0.318259
0.329322
0.318995
0.330008
0.328029
0.328034
0.329341
0.329878
0.328080
0.328457
0.342948
0.329358
0.341917
0.328440
0.342608
0.329298
0.328906
0.329923
0.330431
0.329529
0.343114
0.329733
0.331411
0.331261
0.345070
0.332140
0.343758
0.331828
0.345797
0.341815
0.332542
0.332633
0.332874
0.332328
0.333097
0.332902
0.349987
0.352286
0.350706
0.372210
0.355883
0.356470
0.350382
0.355892
0.353900
0.350685
0.350751
0.367064
0.363052
0.359664
0.355022
0.352644
0.352414
0.352903
0.358556
0.359396
0.356251
0.361529
0.380990
0.354448
0.356485
0.365579
0.357863
0.356480
0.354415
0.354215
0.358313
0.366916
0.366956
0.366574
0.370060
0.366953
0.369840
0.367309
0.367546
0.368312
0.370286
0.367445
0.368532
0.369637
0.370752
0.369054
0.369130
0.369707
0.371930
0.370544
0.370502
0.370389
0.369967
0.370709
0.370943
0.371909
0.371066
0.372259
0.371995
0.372611
0.372673
0.373315
0.385614
0.375041
0.372468
0.401640
0.408405
0.402273
0.394308
0.387581
0.397489
0.387536
0.386874
0.398711
0.397914
0.390295
0.388403
0.388677
0.399611
0.389190
0.388480
0.389951
0.389275
0.390216
0.390330
0.390367
0.401005
0.400816
0.401209
0.390742
0.402028
0.391673
0.390399
0.391384
0.392531
0.402208
0.414984
0.402852
0.415829
0.403266
0.416011
0.403092
0.403980
0.407172
0.418650
0.404570
0.417400
0.405356
0.417819
0.405179
0.405712
0.405516
0.405958
0.407004
0.406935
0.408134
0.420379
0.407530
0.407300
0.406938
0.420876
0.408973
0.408972
0.408839
0.409444
0.409089
0.410066
0.431992
0.431826
0.431407
0.432006
0.431821
0.432242
0.432687
0.432855
0.432991
0.433792
0.433231
0.433510
0.434115
0.432542
0.434361
0.434622
0.437142
0.435471
0.437801
0.435221
0.435620
0.434786
0.438209
0.437289
0.436387
0.436254
0.436295
0.435537
0.437796
0.437642
0.437501
0.439599
0.439769
0.448918
0.449311
0.449954
0.450145
0.449912
0.450783
0.450965
0.451772
0.452661
0.452062
0.451219
0.451871
0.452783
0.452766
0.452471
0.453926
0.453087
0.453825
0.455446
0.454509
0.454000
0.457445
0.458569
0.455784
0.455952
0.455992
0.455452
0.456766
0.454766
0.456216
0.455463
0.475162
0.473306
0.473464
0.474144
0.473301
0.474990
0.474999
0.474322
0.475237
0.475708
0.475248
0.475702
0.477207
0.476135
0.477409
0.476537
0.476210
0.476335
0.477149
0.477056
0.476984
0.479053
0.478273
0.477176
0.478983
0.487847
0.480171
0.479394
0.480468
0.480256
0.479996
0.482473
0.480881
0.493824
0.494234
0.482668
0.494924
0.493924
0.495420
0.496792
0.506279
0.495497
0.495848
0.496153
0.506936
0.497232
0.497864
0.497915
0.508120
0.497858
0.498073
0.498854
0.508331
0.499691
0.499182
0.500352
0.509825
0.497441
0.510407
0.500366
0.502202
0.502421
0.511168
0.503508
0.523393
0.542954
0.524490
0.523588
0.524124
0.523235
0.524424
0.540129
0.528383
0.525756
0.525340
0.525844
0.525709
0.541941
0.526914
0.526308
0.526266
0.527071
0.527641
0.528114
0.527987
0.528388
0.528002
0.528409
0.528741
0.529327
0.530161
0.529367
0.532121
0.531152
0.531471
0.532519
0.545267
0.547458
0.547154
0.547222
0.548850
0.548608
0.548636
0.548270
0.548056
0.550818
0.549403
0.549711
0.550086
0.548902
0.550292
0.550977
0.551328
0.550975
0.551603
0.551139
0.550301
0.551755
0.551365
0.552415
0.552096
0.554239
0.553432
0.554889
0.553124
0.553335
0.554014
0.556146
0.557082
0.573423
0.581699
0.574745
0.573965
0.577466
0.575849
0.575790
0.575907
0.576038
0.576760
0.576416
0.576780
0.576314
0.580953
0.577442
0.577640
0.578728
0.577799
0.577593
0.581575
0.579196
0.580168
0.583740
0.580900
0.579777
0.579845
0.581613
0.580069
0.581664
0.581832
0.582443
0.589996
0.585443
0.598825
0.619993
0.597564
0.619910
0.599042
0.600467
0.599768
0.602299
0.600750
0.601013
0.599830
0.600612
0.601872
0.622141
0.609288
0.601911
0.601873
0.602675
0.623277
0.609526
0.605156
0.603386
0.604202
0.604760
0.605850
0.606407
0.607175
0.605871
0.609555
0.607654
